100	1514
     1     7
     1    12
     1    19
     1    32
     1    39
     1    48
     1    51
     1    54
     1    64
     1    70
     1    74
     1    80
     1    81
     1    86
     1    91
     1    99
     2     3
     2    11
     2    12
     2    15
     2    30
     2    31
     2    36
     2    38
     2    42
     2    46
     2    56
     2    68
     2    75
     2    82
     2    89
     2    94
     3     3
     3    10
     3    31
     3    35
     3    36
     3    41
     3    63
     3    66
     3    71
     3    75
     3    76
     3    78
     3    83
     3    84
     3    86
     3    91
     3    97
     4     4
     4     6
     4    11
     4    16
     4    18
     4    19
     4    25
     4    44
     4    46
     4    49
     4    51
     4    52
     4    63
     4    78
     4    81
     4    88
     4    97
     5    18
     5    23
     5    25
     5    27
     5    28
     5    31
     5    32
     5    35
     5    37
     5    40
     5    45
     5    49
     5    56
     5    59
     5    66
     5    75
     5    99
     6     4
     6     9
     6    10
     6    22
     6    23
     6    24
     6    37
     6    41
     6    43
     6    44
     6    52
     6    55
     6    79
     6    83
     6    85
     6    88
     6    93
     6    99
     7    11
     7    12
     7    14
     7    15
     7    24
     7    28
     7    31
     7    35
     7    41
     7    43
     7    47
     7    53
     7    54
     7    56
     7    61
     7    63
     7    69
     7    71
     7    76
     7    86
     7    91
     8     4
     8    13
     8    20
     8    22
     8    30
     8    42
     8    43
     8    54
     8    56
     8    71
     8    72
     8    80
     8    85
     8    95
     8   100
     9    13
     9    33
     9    34
     9    44
     9    49
     9    50
     9    65
     9    73
     9    74
     9    76
     9    91
     9    94
    10    26
    10    37
    10    39
    10    71
    10    77
    10    79
    10    82
    10    92
    10    94
    11     5
    11     8
    11    14
    11    16
    11    45
    11    55
    11    57
    11    76
    11    84
    11    85
    11    87
    11    94
    11    96
    11    99
    12     8
    12    11
    12    22
    12    23
    12    25
    12    30
    12    31
    12    45
    12    46
    12    47
    12    51
    12    55
    12    66
    12    69
    12    73
    12    75
    12    93
    12    95
    13     6
    13     8
    13    10
    13    12
    13    20
    13    22
    13    24
    13    26
    13    40
    13    46
    13    52
    13    66
    13    70
    13    71
    13    75
    13    81
    13    83
    13    86
    13    87
    14    27
    14    28
    14    40
    14    50
    14    52
    14    53
    14    67
    14    74
    14    79
    14    80
    14    86
    14    87
    14    89
    15     1
    15     9
    15    11
    15    17
    15    25
    15    66
    15    77
    15    85
    15    88
    15    96
    15    98
    16     1
    16     8
    16    12
    16    13
    16    14
    16    15
    16    25
    16    33
    16    39
    16    42
    16    43
    16    45
    16    56
    16    67
    16    76
    16    84
    16    89
    16    92
    17     1
    17     3
    17     6
    17    13
    17    18
    17    19
    17    23
    17    24
    17    27
    17    69
    17    86
    17    92
    17    96
    18     3
    18    36
    18    46
    18    52
    18    59
    18    66
    18    86
    18    96
    19    17
    19    21
    19    23
    19    30
    19    32
    19    39
    19    47
    19    52
    19    58
    19    64
    19    65
    19    72
    19    78
    19    87
    20     8
    20    18
    20    31
    20    37
    20    39
    20    48
    20    53
    20    59
    20    64
    20    82
    20    83
    20    90
    21     8
    21    11
    21    18
    21    22
    21    29
    21    30
    21    38
    21    41
    21    45
    21    53
    21    65
    21    71
    21    80
    21    86
    21    89
    22     2
    22     6
    22    15
    22    16
    22    19
    22    25
    22    26
    22    29
    22    32
    22    38
    22    63
    22    72
    22    85
    22    89
    22    92
    22    95
    23     1
    23    12
    23    17
    23    26
    23    32
    23    65
    23    80
    23    81
    23    82
    23    84
    23    96
    23    98
    24    10
    24    19
    24    22
    24    38
    24    42
    24    58
    24    65
    24    68
    24    72
    24    96
    25     6
    25    15
    25    18
    25    28
    25    31
    25    37
    25    42
    25    53
    25    56
    25    71
    25    73
    25    85
    25    87
    25    98
    25    99
    26     6
    26    38
    26    43
    26    47
    26    49
    26    55
    26    56
    26    59
    26    66
    26    78
    26    81
    26    83
    26    86
    26    89
    26    91
    26    94
    26    95
    26   100
    27     1
    27     3
    27    17
    27    19
    27    25
    27    38
    27    40
    27    42
    27    47
    27    58
    27    61
    27    63
    27    68
    27    72
    27    80
    27    82
    27    97
    27   100
    28     4
    28     6
    28    19
    28    22
    28    28
    28    32
    28    46
    28    55
    28    60
    28    67
    28    72
    28    73
    28    75
    28    77
    28    86
    28    95
    28    98
    28   100
    29     3
    29    29
    29    30
    29    40
    29    50
    29    65
    29    69
    29    76
    29    77
    29    92
    30     2
    30     3
    30     4
    30    17
    30    18
    30    21
    30    27
    30    33
    30    44
    30    56
    30    71
    30    89
    31     1
    31     4
    31     5
    31    18
    31    44
    31    46
    31    51
    31    63
    31    74
    31    89
    31    90
    31    92
    32    10
    32    22
    32    25
    32    27
    32    42
    32    62
    32    69
    32    89
    32    91
    32    92
    32    96
    33     1
    33     2
    33     7
    33     9
    33    16
    33    30
    33    44
    33    45
    33    51
    33    59
    33    75
    33    80
    33    82
    33    90
    33    91
    33    92
    33    95
    33    96
    34     5
    34     6
    34     7
    34    19
    34    29
    34    37
    34    41
    34    53
    34    59
    34    66
    34    68
    34    89
    34    95
    35    16
    35    31
    35    38
    35    40
    35    41
    35    64
    35    66
    35    70
    35    78
    35    79
    35    81
    35    89
    35    92
    35    98
    36     4
    36    10
    36    11
    36    16
    36    18
    36    21
    36    25
    36    46
    36    60
    36    66
    36    70
    36    73
    36    90
    36    91
    36    93
    36    94
    36    96
    36    97
    37    26
    37    33
    37    69
    37    70
    37    86
    37    97
    38     8
    38    16
    38    27
    38    29
    38    39
    38    49
    38    54
    38    56
    38    61
    38    63
    38    66
    38    67
    38    70
    38    85
    38    87
    38    92
    38    98
    39     3
    39     9
    39    12
    39    24
    39    25
    39    28
    39    31
    39    32
    39    33
    39    36
    39    37
    39    40
    39    45
    39    51
    39    52
    39    77
    39    92
    39    97
    40     2
    40    12
    40    30
    40    31
    40    59
    40    63
    40    67
    40    78
    40    95
    40    96
    41    21
    41    25
    41    30
    41    41
    41    47
    41    50
    41    52
    41    59
    41    63
    41    64
    41    65
    41    72
    41    74
    41    81
    41    85
    41    86
    41    89
    41    90
    41    99
    42     1
    42     3
    42    13
    42    25
    42    37
    42    42
    42    48
    42    55
    42    56
    42    60
    42    61
    42    63
    42    69
    42    85
    42    92
    42    94
    43    10
    43    14
    43    31
    43    33
    43    35
    43    52
    43    57
    43    61
    43    68
    43    70
    43    72
    43    78
    43    79
    43    82
    44     1
    44    12
    44    19
    44    34
    44    39
    44    42
    44    45
    44    58
    44    60
    44    62
    44    68
    44    70
    44    73
    44    80
    44    84
    44    90
    45     2
    45     5
    45    19
    45    22
    45    26
    45    47
    45    48
    45    54
    45    61
    45    67
    45    68
    45    88
    45   100
    46    15
    46    18
    46    23
    46    25
    46    29
    46    30
    46    44
    46    47
    46    58
    46    60
    46    95
    46   100
    47    12
    47    22
    47    23
    47    29
    47    35
    47    41
    47    48
    47    62
    47    64
    47    65
    47    67
    47    68
    47    70
    47    78
    47    84
    47    88
    47    89
    47    98
    48     4
    48     7
    48    24
    48    25
    48    29
    48    31
    48    32
    48    55
    48    59
    48    64
    48    75
    48    90
    48    94
    48    99
    49     4
    49    10
    49    12
    49    15
    49    18
    49    23
    49    27
    49    30
    49    35
    49    47
    49    51
    49    52
    49    54
    49    57
    49    72
    49    83
    49    88
    49    92
    49    94
    50     2
    50    11
    50    28
    50    31
    50    41
    50    42
    50    43
    50    44
    50    47
    50    51
    50    53
    50    58
    50    59
    50    62
    50    68
    50    72
    51     3
    51     5
    51     6
    51     7
    51    13
    51    14
    51    18
    51    24
    51    28
    51    31
    51    34
    51    35
    51    39
    51    41
    51    55
    51    68
    51    75
    51    82
    51    84
    52     6
    52     7
    52     8
    52     9
    52    12
    52    34
    52    40
    52    46
    52    49
    52    50
    52    56
    52    61
    52    82
    52    87
    52    89
    52    93
    52    94
    53     7
    53    12
    53    18
    53    26
    53    35
    53    36
    53    37
    53    50
    53    51
    53    53
    53    60
    53    61
    53    71
    53    81
    53    83
    53    91
    53    92
    53    97
    54     5
    54    10
    54    32
    54    34
    54    37
    54    46
    54    48
    54    49
    54    58
    54    67
    54    69
    54    70
    54    81
    54    93
    55     3
    55     6
    55     7
    55    16
    55    23
    55    25
    55    26
    55    47
    55    51
    55    70
    55    79
    55    84
    55    85
    55    92
    56     1
    56     6
    56     7
    56    12
    56    13
    56    16
    56    26
    56    29
    56    35
    56    37
    56    46
    56    51
    56    52
    56    57
    56    63
    56    75
    56    82
    56    83
    56    87
    56    97
    57     1
    57     8
    57    13
    57    20
    57    23
    57    25
    57    29
    57    35
    57    40
    57    42
    57    43
    57    46
    57    53
    57    58
    57    59
    57    60
    57    65
    57    76
    57    78
    57    84
    57    95
    58     1
    58     6
    58     7
    58     8
    58    10
    58    31
    58    35
    58    50
    58    53
    58    70
    58    71
    58    77
    58    78
    58    86
    58    88
    58    89
    58    94
    59     3
    59     5
    59     7
    59    17
    59    19
    59    34
    59    45
    59    64
    59    69
    59    72
    59    85
    59    87
    59    97
    60     1
    60     3
    60    11
    60    17
    60    25
    60    37
    60    40
    60    41
    60    43
    60    58
    60    61
    60    75
    60    81
    60    82
    61     9
    61    16
    61    18
    61    19
    61    24
    61    34
    61    35
    61    50
    61    52
    61    58
    61    59
    61    61
    61    68
    61    74
    61    77
    61    79
    61    80
    61    81
    61    82
    61    92
    61    99
    62     5
    62     6
    62    20
    62    21
    62    23
    62    43
    62    49
    62    54
    62    56
    62    68
    62    74
    62    79
    62    86
    62    87
    62    89
    62    91
    62    94
    62    96
    62    98
    62    99
    63     5
    63     6
    63    14
    63    17
    63    20
    63    25
    63    28
    63    36
    63    40
    63    64
    63    76
    63    79
    63    84
    63    89
    63    93
    64     3
    64     7
    64    13
    64    14
    64    15
    64    16
    64    17
    64    27
    64    51
    64    67
    64    83
    64    84
    64    87
    64    88
    64    94
    64    98
    65     5
    65    26
    65    30
    65    53
    65    62
    65    66
    65    84
    66     7
    66    12
    66    21
    66    42
    66    46
    66    54
    66    55
    66    56
    66    94
    67     4
    67    19
    67    28
    67    31
    67    33
    67    43
    67    45
    67    49
    67    53
    67    65
    67    82
    67    96
    67    97
    68     4
    68    10
    68    12
    68    13
    68    21
    68    33
    68    35
    68    87
    69    15
    69    16
    69    17
    69    20
    69    22
    69    26
    69    33
    69    55
    69    62
    69    82
    69    88
    69    89
    70     8
    70    11
    70    16
    70    22
    70    29
    70    51
    70    55
    70    57
    70    59
    70    67
    70    73
    70    77
    70    91
    70    97
    71     4
    71     5
    71    10
    71    22
    71    25
    71    32
    71    36
    71    45
    71    58
    71    63
    71    65
    71    75
    71    77
    71    79
    71    84
    71    88
    71    96
    72     1
    72     3
    72     4
    72     5
    72    21
    72    26
    72    35
    72    38
    72    41
    72    43
    72    44
    72    45
    72    50
    72    55
    72    60
    72    63
    72    67
    72    72
    72    78
    72    79
    72    88
    72    91
    72    95
    72    98
    73    11
    73    14
    73    16
    73    18
    73    24
    73    31
    73    33
    73    40
    73    43
    73    63
    73    68
    73    77
    73    81
    74     3
    74     7
    74    24
    74    25
    74    26
    74    31
    74    32
    74    33
    74    44
    74    49
    74    68
    74    70
    75     4
    75     6
    75    16
    75    22
    75    34
    75    36
    75    39
    75    40
    75    47
    75    52
    75    54
    75    55
    75    56
    75    58
    75    60
    75    62
    75    79
    75    82
    75    85
    75    87
    75    96
    76     6
    76     7
    76    20
    76    24
    76    33
    76    35
    76    36
    76    63
    76    64
    76    75
    76    82
    76    83
    76    87
    76    90
    76    94
    76    96
    77     7
    77    12
    77    14
    77    17
    77    23
    77    26
    77    27
    77    28
    77    33
    77    38
    77    40
    77    45
    77    47
    77    54
    77    56
    77    67
    77    76
    77    82
    77    87
    77    88
    77    90
    77    93
    77    96
    78     1
    78     2
    78     4
    78     6
    78     8
    78     9
    78    20
    78    24
    78    28
    78    35
    78    40
    78    45
    78    48
    78    77
    78    80
    78    88
    78    92
    78    96
    78   100
    79    17
    79    31
    79    38
    79    52
    79    53
    79    63
    79    71
    79    77
    79    82
    79    83
    79    84
    79    99
    80     7
    80     8
    80    11
    80    19
    80    25
    80    27
    80    29
    80    34
    80    48
    80    56
    80    58
    80    62
    80    77
    80    84
    80    97
    80    99
    81     1
    81    13
    81    18
    81    23
    81    29
    81    30
    81    43
    81    48
    81    59
    81    63
    81    71
    81    76
    81    84
    81    88
    81    89
    81    91
    81    92
    81    98
    81   100
    82     6
    82     7
    82     8
    82    10
    82    17
    82    18
    82    51
    82    54
    82    56
    82    57
    82    68
    82    74
    82    81
    82    84
    82    86
    83     1
    83     5
    83     6
    83    15
    83    18
    83    19
    83    32
    83    36
    83    45
    83    58
    83    61
    83    65
    83    66
    83    78
    83    79
    83    89
    83    91
    83    96
    84     8
    84    18
    84    29
    84    35
    84    37
    84    38
    84    45
    84    46
    84    58
    84    61
    84    69
    84    81
    84    86
    84    91
    85    11
    85    14
    85    17
    85    21
    85    34
    85    36
    85    39
    85    46
    85    50
    85    52
    85    58
    85    60
    85    70
    85    73
    85    78
    85    82
    85    83
    85    86
    85    92
    85    98
    86     7
    86    15
    86    19
    86    21
    86    29
    86    35
    86    51
    86    53
    86    54
    86    64
    86    65
    86    66
    86    76
    86    79
    86    91
    86    95
    86   100
    87     2
    87     4
    87     6
    87     9
    87    10
    87    23
    87    46
    87    54
    87    69
    87    94
    87    98
    87   100
    88     2
    88    14
    88    16
    88    18
    88    22
    88    26
    88    27
    88    28
    88    35
    88    40
    88    43
    88    44
    88    55
    88    63
    88    66
    88    69
    88    72
    88    74
    88    87
    88    91
    88    93
    89     4
    89     8
    89    16
    89    18
    89    23
    89    29
    89    41
    89    50
    89    59
    89    60
    89    61
    89    62
    89    66
    89    67
    89    85
    89    88
    89    91
    89    92
    89    98
    90    14
    90    23
    90    26
    90    32
    90    34
    90    53
    90    56
    90    72
    90    74
    90    75
    90    80
    90    83
    90    86
    90    93
    90    95
    90    96
    90    97
    91    12
    91    17
    91    29
    91    34
    91    44
    91    48
    91    57
    91    84
    91    86
    91    92
    92     6
    92    18
    92    30
    92    38
    92    42
    92    43
    92    47
    92    48
    92    53
    92    54
    92    66
    92    69
    92    70
    92    86
    92    92
    93    24
    93    27
    93    29
    93    33
    93    37
    93    39
    93    45
    93    65
    93    70
    93    79
    93    94
    93    96
    94    11
    94    15
    94    18
    94    25
    94    29
    94    32
    94    33
    94    45
    94    47
    94    49
    94    61
    94    71
    94    76
    94    81
    94    83
    94    84
    94    96
    94    99
    94   100
    95     6
    95    18
    95    25
    95    33
    95    43
    95    45
    95    58
    95    59
    95    61
    95    62
    95    64
    95    74
    95    79
    95    85
    95    86
    95    87
    96     1
    96    16
    96    42
    96    49
    96    51
    96    58
    96    61
    96    85
    96    89
    96    91
    97     1
    97    10
    97    14
    97    15
    97    21
    97    40
    97    47
    97    50
    97    57
    97    91
    98     4
    98    12
    98    34
    98    54
    98    56
    98    58
    98    63
    98    70
    98    71
    98    84
    98    85
    98    92
    98    99
    99     6
    99    14
    99    19
    99    34
    99    37
    99    43
    99    44
    99    48
    99    49
    99    52
    99    65
    99    67
    99    74
    99    75
    99    88
   100     9
   100    20
   100    24
   100    25
   100    33
   100    36
   100    43
   100    59
   100    70
   100    83
   100    97
